these are all the taxids that threw value errors when trying to get the lineage:
REFSEQ:
1891242
1916061
1916062
1916063
1916064
1916065
1916066
1916067
1916068
1916069
1916070
1981880
2004595
2022656
2022657
2022658
2022659
2022660
2116687
2172043
2172044
2175860
2217814
2217815
2217816
2217817
2217818
2217819
2217820
2217821
2217822
2217823
2217824
2217825
2217826
2217827
2217828
2217829
2217830
2217831
2217832
2217833
2217834
2268027
2268451
2283160
2292443
2292444
2292445
2292446
2303332
2303505
2303981
2303982
2303983
2303984
2303985
2315472
2315836
2315837
2315838
2419839
2419840
2448480
2478957
2478958
2478959
2478961
2479007
2480626
2487315
2490488
2490490
2490491
2490492
2490493
2490494
2490495
2490545
2490939
2494560
2496557
2508286
2508287
2508288
2508289
2508290
2508291
2508292
2508293
2508294
2508295
2508296
2508297
2508298
2508299
2508300
2508301
2508302
2508707
2508867
2508881
2509004
2509341
2509454
2511069
2511201
2517818
2518645
2518989
2527962
2527963
2527964
2527965
2527966
2527967
2527968
2527969
2527970
2527971
2527972
2527973
2527974
2527975
2527976
2527977
2527978
2527979
2527980
2527981
2527982
2527983
2527984
2527985
2527986
2527987
2527989
2527990
2527991
2527992
2527994
2527995
2527996
2527997
2527998
2527999
2528000
2528001
2528002
2528003
2528004
2528005
2528006
2528007
2528008
2528009
2528010
2528011
2528012
2528013
2528014
2528015
2528016
2528017
2528018
2528019
2528020
2528021
2528022
2528023
2528024
2528025
2528026
2528027
2528028
2528029
2528030
2528031
2528032
2528033
2528034
2528035
2528712
2529855
2541729
2558244
2558245
2559073
2562282
2562524
2562705
2563603
2569534
2570190
2570191
2570192
2570193
2576942
2577098
2580425
2582420
2582831
2582893
2583823
2584181
2584183
2584557
2584558
2584559
2584560
2584561
2584562
2584563
2584564
2584565
2584566
2584567
2584568
2584569
2584570
2584571
2584572
2584573
2584574
2584575
2584576
2584577
2584578
2584579
2584580
2584581
2584582
2584583
2584584
2584585
2584586
2584587
2584588
2584589
2584590
2584591
2584592
2584593
2584594
2584595
2584596
2584597
2584598
2584599
2584600
2584601
2584602
2584603
2584604
2584605
2584606
2584607
2584608
2584609
2584610
2584611
2584612
2584613
2584614
2584615
2584616
2584617
2584618
2584619
2584620
2584621
2584622
2584623
2585196
2585197
2585198
2585199
2585200
2586906
2586908
2588450
2590022
2590999
2591145
2591848
2592044
2592067
2592068
2592345
2592351
2592352
2592354
2592355
2592621
2592622
2592624
2593543
2593544
2593545
2593546
2594882
2594913
2596890
2597344
2597345
2597346
2597347
2597348
2597349
2597350
2597351
2597352
2597353
2597354
2597355
2597356
2597357
2597358
2597703
2597769
2598579
2599296
2599297
2599308
2599389
2599390
2599398
2599401
2599411
2599412
2599600
2599615
2599616
2599617
2599618
2599619
2599640
2599641
2599805
2599819
2599923
2599924
2599927
2600065
2600147
2600148
2600149
2600159
2600174
2600175
2600176
2600177
2600299
2600309
2600320
2600577
2600578
2600598
2600599
2600607
2600619
2601246
2601247
2601267
2601268
2601575
2601646
2601668
2601673
2601703
2601730
2601731
2601894
2601898
2602015
2602016
2602067
2602069
2602574
2602750
2602760
2602761
2602767
2602768
2602769
2603204
2603206
2603214
2603215
2603216
2603222
2603253
2603254
2603274
2603275
2603276
2603277
2603288
2603289
2603290
2603291
2603292
2603295
2603296
2603411
2603535
2603598
2603623
2603628
2603660
2603793
2603818
2603819
2603856
2603857
2603858
2603887
2603888
2603889
2603890
2603891
2603892
2603893
2603894
2603895
2603896
2603897
2603898
2603899
2603900
2603901
2603902
2604086
2604091
2604327
2604328
2604421
2604423
2604424
2604466
2604467
2604468
2604469
2604480
2604481
2604482
2604572
2604832
2604835
2604836
2604941
2604945
2605423
2605428
2605429
2605430
2605432
2605433
2605434
2605619
2605620
2605638
2605694
2605731
2605743
2605747
2605748
2605945
2605946
2605988
2605989
2606412
2606431
2606448
2606449
2606451
2606616
2606905
2606906
2606936
2606937
2607032
2607061
2607284
2607285
2607286
2607479
2607496
2607497
2607506
2607529
2607653
2607654
2607655
2607656
2607659
2607660
2607724
2607725
2607726
2607727
2607730
2607754
2607907
2607908
2607909
2607911
2607998
2607999
2608000
2608001
2608006
2608007
2608008
2608009
2608010
2608011
2608012
2608013
2608014
2608015
2608016
2608017
2608018
2608019
2608020
2608021
2608022
2608023
2608024
2608025
2608026
2608027
2608028
2608029
2608030
2608031
2608032
2608033
2608034
2608035
2608036
2608037
2608038
2608039
2608040
2608041
2608042
2608043
2608044
2608045
2608046
2608047
2608048
2608082
2608252
2608254
2608255
2608386
2608387
2608388
2608390
2608391
2608392
2608393
2608394
2608395
2608396
2608397
2608398
2608399
2608400
2608406
2608629
2608630
2608632
2608683
2608684
2608880
2608981
2608987
2608999
2609132
2609133
2609134
2609135
2609136
2609137
2609138
2609139
2609140
2609141
2609142
2609143
2609144
2609145
2609146
2609147
2609148
2609149
2609150
2609151
2609152
2609153
2609154
2609155
2609156
2609157
2609175
2609418
2609667
2609668
2609813
2609963
2610882
2610886
2610887
2610888
2610890
2610891
2610895
2610896
2610899
2613840
2613842
2613922
2613962
2614125
2614127
2614160
2614538
2614638
2614639
2614655
2614688
2614693
2614798
2614799
2614801
2614804
2615112
2615184
2615203
2615207
2615211
2615212
2615213
2650157
2650158
2650410
2650472
2650565
2650566
2650567
2650568
2650745
2650748
2650773
2650774
2650775
2650924
2650964
2650965
2650966
2650971
2651187
2651188
2651189
2651284
2651296
2651334
2651627
2651628
2651633
2651634
2651635
2651636
2651637
2651838
2651839
2651867
2651869
2651870
2652157
2652158
2652247
2652249
2652250
2652251
2652390
2652391
2652443
2652445
2652721
2652722
2653045
2653122
2653123
2653200
2653201
2653202
2653204
2653216
2653217
2653218
2653219
2653354
2653853
2653855
2653856
2653857
2653932
2653933
2653936
2654171
2654172
2654173
2654217
2654236
2654243
2654244
2654245
2654252
2654253
2654254
2654255
2654490
2654512
2654547
2654636
2654674
2654756
2654980
2654982
2654983
2654998
2655001
2656643
2656644
2656746
2656774
2656914
2656921
2660554
2660639
2660640
2660747
2660748
2661553
2661937
2662028
2662029
2662030
2662065
2662066
2662178
2662180
2662191
2662192
2662193
2662194
2662195
2662196
2662197
2662198
2662199
2662200
2662201
2662202
2662206
2662207
2662208
2662209
2662258
2662259
2662261
2662262
2662264
2662361
2662362
2662363
2662364
2662397
2662430
2662431
2662432
2662433
2662454
2663008
2663009
2663022
2663029
2663120
2663237
2663240
2663379
2663795
2664181
2664374
2664440
2664441
2664442
2664451
2664453
2664454
2664455
2664853
2664854
2664893
2664894
2664899
2665153
2665225
2665642
2668039
2670334
2670374
PATRIC:
1031742
1049581
1104325
1118055
1120337
1122931
1123719
1128668
1136421
1136422
1136423
1149864
1166016
1169194
1183431
1200791
1217693
1217695
1217696
1220580
1220582
1220705
1224140
1234555
1240726
1240783
1248412
1258858
1258983
1259207
1259215
1286365
1303682
1316583
1317118
1325101
1325104
1325108
1325109
1325121
1325122
1333507
1333508
1333509
1333510
1333525
1336249
1341639
1344068
1344070
1344071
134962
1353531
1354891
1385593
140100
1411901
1411903
1414647
1417988
1450149
1460691
1462439
1463601
1497613
1502723
1505932
1505933
1522307
1528100
1535301
1542677
1561081
1569354
1576603
1576604
1581105
1606016
1608993
1609978
1615675
1619244
1619248
1630946
1631616
1638296
1646339
1656095
1659706
1659713
1659714
1659719
1660070
1660071
1662456
1662457
1662458
1670659
1697390
1697391
1715259
1715690
1737355
1739276
1739443
1739526
1743172
1755240
1756148
1758367
1763560
1772271
1772272
1772273
1772278
1772279
1772280
1772281
1775269
1798202
1807732
1817674
1819728
1819733
1820019
1820020
1820021
1820023
1825934
1826873
1834068
1834072
1834079
1834084
1834086
1834100
1834110
1834114
1834127
1834136
1834139
1834141
1834142
1834200
1848159
1855308
1855401
1855905
1866311
1866313
1866316
1867718
1870821
1870930
1873418
1873419
1873711
1881059
1882406
1884788
1884789
1884790
1885026
1886668
1886669
1886671
1888165
1892902
1903180
1908206
1909443
1909451
1909452
1909454
1909463
1909470
1909476
1909480
1909671
1913078
1914867
1914868
1914994
1916993
1917423
1917424
1923828
1924269
1933894
1938560
1938815
1940809
1940810
1940811
1940812
1940813
1940814
1940815
1940816
1940817
1940818
1940819
1941348
1945909
1945910
1967582
1967644
1967645
1967651
1967652
1967655
1967660
1967661
1967662
1967987
1967988
1970456
1970457
1970458
1970459
1970460
1970461
1970462
1970463
1970464
1970466
1970467
1970468
1970469
1970470
1970472
1970473
1974324
1981875
1981981
2004645
2008677
2018082
2023179
2023180
2023181
2023185
2023187
2023188
2023190
2023193
2023194
2023195
2023196
2023199
2023200
2023201
2024556
2024898
2025881
2025882
2025883
2025885
2025886
2025887
2025888
2036817
2036823
2038067
2039300
2041613
2041614
2044482
2044485
2053186
2053928
2053929
2071623
2071626
2078993
2078996
2078997
2078998
2080839
2080840
2080841
2080843
2081701
2093827
2093829
2094237
2094238
2094239
2094240
2094241
2127028
2127030
2144186
2163013
2171501
2171752
2171980
2172651
2182789
2182790
2182791
2182792
2202202
2202204
2202815
2204146
2204147
2204148
2204149
2204150
2259134
2283482
2290914
2290916
2290918
2339233
2339234
2341081
2341082
2341084
2341085
2419604
2419606
2419607
2420891
2420892
260398
265729
279143
279144
284037
285533
319938
330
33009
340996
368294
379597
380263
380264
382503
434928
439853
449664
469586
469587
469594
469595
469596
469598
469608
473422
495036
502063
522456
526945
526950
546899
556262
563191
579607
585494
595593
614215
62153
644968
654421
657310
658664
665937
665938
665945
665948
667632
66877
66884
67270
67281
67300
67340
67354
675810
68201
68208
682311
683307
683313
684949
686830
690871
697046
697871
702953
702957
702959
702969
710192
741277
745713
857402
861530
86662
888434
903916
903917
911239
92830
935543
940260
981426
992010
992011
995020
998520
Ensembl:
1049581
1104325
1123719
1166016
1217693
1217695
1217696
1220705
1316583
1317118
1345697
1354891
1385593
140100
1414647
1439853
1460691
1487955
1497613
1502723
1505932
1505933
1547436
1569354
1590042
1590043
1608993
1609981
1615675
1619244
1619248
1631616
1633626
1633627
1633628
1633629
1633630
1633632
1633633
1633634
1633635
1633636
1633637
1633638
1633639
1633640
1633641
1633642
1656095
1659706
1659713
1659714
1659719
1697390
1697391
1705389
1715259
1715690
1729715
1747450
1755240
1756148
1763560
1772273
1772281
1792031
1806480
1806482
1806483
1806488
1813736
1817674
1820019
1820023
1825934
1834068
1834072
1834100
1834110
1834114
1834127
1834139
1834141
1870931
1870932
1870933
1870934
1870935
1870936
1870937
1870938
1870939
1870940
1870941
1870942
1870943
1870944
1870945
1870946
1870947
1870948
1870949
1870950
1870951
1870952
1870955
265729
279143
319938
330
434928
439853
469586
469587
469594
469595
469596
469598
469608
473422
495036
522456
563191
579607
595593
644968
654421
657310
658664
665937
665938
665945
665948
66877
67340
675810
690871
741277
86662
903916
903917
911239
92824
92830
981426
992010
992011
998520
